-0.003411	0.020154	0.008362	-0.016670	-0.009339	0.013384	-0.013019	-0.025481	0.028772	-0.016398	0.005933	0.003380	-0.017568	-0.039412	0.022046	-0.013883	-0.001452	0.012006	0.017018	0.022841	-0.026462	0.031257	0.023312	0.018662	-0.005339	0.009784	0.018559	-0.015540	0.033678	-0.007337	-0.001823	0.000486	-0.025214	0.002193	-0.010688	0.010842	-0.004457	0.006701	-0.005907	0.023526	0.019225	-0.011951	-0.041956	0.003669	-0.012161	0.030932	0.020858	0.009707	-0.017805	0.007496	
-0.026497	-0.009427	-0.011831	-0.003172	0.000148	0.002848	0.009002	0.003361	0.004903	0.004474	-0.027880	0.009590	0.014089	-0.008143	0.017722	0.006502	-0.019278	-0.018393	-0.011202	-0.011429	0.013927	0.010337	-0.017189	0.005533	-0.024479	-0.029497	-0.020619	-0.022450	0.008369	-0.016635	0.044034	-0.000887	-0.004606	-0.012093	-0.025953	-0.028932	0.024801	0.005795	0.030417	-0.001343	0.026455	-0.048024	0.032121	0.020693	-0.002061	-0.048529	-0.016478	0.000867	0.012175	-0.022411	
-0.003007	-0.018259	0.042829	-0.027663	0.005741	0.017534	0.005983	0.024393	0.019565	-0.021320	-0.011198	0.021074	0.007819	0.007676	-0.000220	0.013896	-0.009989	-0.002235	0.003492	0.027848	-0.025789	-0.035081	-0.004426	0.008671	0.015949	0.026277	-0.001315	0.004985	-0.031843	0.024680	0.013090	-0.028531	-0.000031	0.016153	-0.009776	0.009578	0.002960	0.017689	0.031089	-0.006926	-0.002064	0.014171	0.024206	-0.022144	0.004627	0.026431	-0.009218	0.010434	0.032754	-0.007825	
-0.007733	-0.026513	-0.030210	0.002095	0.041255	0.012060	-0.006606	0.013746	-0.009532	-0.020973	-0.013014	-0.004475	-0.004557	-0.001761	-0.008318	-0.016602	0.055822	-0.008072	0.023266	-0.017504	-0.024693	-0.017930	0.024486	0.016765	-0.017576	-0.021632	-0.020485	-0.002077	0.002749	-0.019814	0.034950	0.003514	-0.011805	0.019212	-0.004242	-0.006585	0.013782	-0.022340	-0.017300	0.004540	0.018644	0.020060	0.017965	0.010386	0.008969	0.020811	-0.006666	0.025717	-0.012353	-0.015425	
0.011691	-0.027045	-0.026938	0.042539	-0.019489	-0.010821	0.016284	0.001166	-0.008123	0.006483	0.032640	0.016090	-0.035610	0.015523	0.015370	-0.003167	0.001565	0.022621	0.012306	0.006339	0.007726	0.007260	-0.016154	-0.013037	0.042293	0.015500	0.012056	-0.007185	-0.000730	0.020604	0.013828	0.001945	0.015996	-0.008665	-0.003019	-0.014191	-0.004036	0.003798	-0.002670	0.013634	-0.012622	-0.022728	0.035808	-0.002368	0.024959	-0.002773	-0.001316	0.012251	0.012551	-0.016395	
-0.005927	0.038018	-0.014705	0.016826	-0.037041	0.010163	-0.030315	-0.046885	0.004314	0.014420	0.014271	-0.004317	0.013897	0.000773	-0.017214	0.028131	-0.038897	-0.030696	-0.011912	-0.013938	0.010747	0.004002	0.007539	0.003359	0.016363	-0.015877	0.011052	0.023183	0.018895	-0.034868	-0.013135	0.016714	-0.012593	0.005728	0.043892	-0.027838	0.062858	0.023481	-0.006804	0.029618	0.025155	0.008941	0.005358	0.012416	-0.012353	-0.010228	-0.002034	-0.015450	-0.003952	-0.034035	
-0.009816	-0.001847	0.010842	-0.018134	-0.019226	0.028340	0.004703	-0.017101	0.009892	-0.008590	0.018457	-0.005112	0.000463	0.002479	0.001693	-0.013835	-0.029004	-0.014164	0.013412	-0.005431	-0.003793	0.004415	0.025886	0.029459	-0.006480	-0.000721	-0.018497	0.015555	0.004228	0.022908	-0.024722	-0.010620	-0.007992	-0.004458	-0.011250	0.028369	0.025212	0.001023	-0.004601	0.017249	-0.016724	0.023518	-0.017147	-0.013120	0.015887	-0.015364	0.006235	-0.001460	-0.000106	-0.003615	
0.039776	-0.054291	-0.016221	0.015313	-0.001183	-0.004514	0.026810	0.012696	0.003727	-0.023841	0.018096	0.014551	-0.000877	0.007254	-0.014900	0.006085	-0.000254	-0.000773	0.011276	0.003037	-0.015043	-0.007980	0.030006	-0.000573	-0.059605	0.022662	0.004862	-0.001757	-0.033934	-0.000645	-0.025610	0.007054	0.024562	0.010125	0.047116	-0.034490	-0.016923	-0.024761	0.001400	0.019024	-0.006502	-0.015834	0.006160	0.004789	0.000222	0.023525	-0.040144	-0.007235	0.006416	-0.000030	
0.025756	0.005939	-0.004233	0.012216	-0.013516	-0.009281	-0.034445	0.006066	0.013656	-0.025890	-0.001874	0.000401	0.009503	0.022760	0.022763	0.025416	0.026731	0.005969	0.005727	0.032861	0.016817	-0.014836	0.015493	-0.008422	-0.023969	0.003003	-0.036178	0.009938	-0.012093	0.002389	-0.010232	0.006590	-0.012699	0.034630	-0.005167	0.009683	-0.001057	-0.009627	-0.014117	0.023589	0.050733	0.045023	-0.009231	-0.023429	-0.016108	-0.002534	0.007911	0.016823	0.026562	-0.001593	
-0.005856	-0.013261	-0.036195	0.024547	-0.029093	-0.006624	-0.003167	-0.011722	0.002002	-0.017058	-0.010246	-0.017321	-0.017707	-0.007872	-0.007309	-0.070209	-0.000160	0.024546	-0.013746	0.010380	-0.020342	-0.029507	0.029936	-0.034065	0.033102	0.007691	0.009191	0.018645	0.029765	0.020279	-0.027958	-0.000929	-0.022694	-0.023951	0.038268	0.054117	-0.033446	0.018747	-0.002642	0.036244	-0.002640	0.015927	-0.022165	-0.001155	-0.014321	0.026920	0.028519	0.005012	0.003213	0.002610	
-0.025189	-0.009821	0.020015	0.009563	0.044257	-0.038758	-0.007366	-0.035131	-0.017467	0.015708	0.016244	0.002112	0.019202	-0.006877	-0.002450	-0.024686	-0.012471	0.028718	0.006845	0.021240	-0.017871	-0.011160	0.011808	0.012848	-0.003062	0.003068	-0.023492	-0.022790	-0.009196	-0.004641	0.027835	0.000808	-0.003190	-0.024913	-0.010538	0.001614	-0.006622	0.000192	-0.030935	-0.025755	-0.013303	-0.037298	0.018031	-0.013170	0.033643	-0.052617	0.009882	0.026347	-0.001937	0.037819	
-0.020363	-0.003585	0.007861	-0.032137	-0.002844	-0.002536	-0.040320	0.010213	0.020056	-0.028052	-0.004170	-0.013627	0.002332	-0.009673	0.009040	0.007055	0.011721	0.000949	-0.047402	0.000487	0.020885	0.000094	0.010559	-0.017109	-0.028264	0.029143	-0.012961	-0.023423	0.012301	0.006344	0.001306	-0.019226	0.008321	-0.021515	-0.017824	-0.011609	0.012374	0.040719	-0.003422	0.004051	-0.025689	-0.005182	0.000324	0.032790	0.020344	-0.009823	-0.007898	0.000386	-0.008613	-0.030665	
0.007512	-0.034617	0.021060	-0.016445	0.010849	0.015952	-0.003976	-0.030337	-0.014676	-0.010991	0.004117	0.003110	-0.016661	-0.022317	0.004934	-0.004354	0.009622	-0.000687	0.000467	0.023688	0.051666	0.005683	-0.003759	0.004198	-0.012607	0.010482	0.007742	-0.022673	-0.015802	-0.006785	0.026369	-0.017485	-0.020293	-0.001612	-0.015074	0.015096	-0.037834	-0.004021	0.025150	-0.013654	0.002545	-0.036688	-0.003507	-0.005981	-0.000190	0.005067	-0.009479	-0.015788	0.001635	-0.009333	
0.010007	-0.012593	0.013765	0.017953	0.004600	0.010976	0.031391	-0.023624	-0.040864	-0.003702	0.030984	-0.033105	-0.010896	0.001401	0.013302	-0.034923	0.005068	0.003468	-0.021824	-0.025026	0.013630	-0.009499	-0.027338	0.008267	-0.038470	0.018250	-0.034080	0.008143	0.000888	-0.013906	0.007902	0.003822	-0.011320	0.009581	-0.010543	-0.004165	-0.012114	0.016134	0.016532	0.006950	0.013914	0.027634	-0.011938	-0.019400	-0.017387	0.000226	-0.006025	-0.023982	-0.032456	0.010663	
-0.014070	-0.014193	-0.026519	0.028664	0.025239	0.021472	0.019407	0.014211	0.034677	-0.006153	0.012760	-0.030730	-0.002360	0.017157	0.006856	0.006205	-0.013960	-0.005906	0.029186	0.000791	0.001335	-0.010995	0.011590	-0.006000	0.026073	0.032912	-0.012086	-0.000247	-0.024552	-0.008815	-0.015822	-0.002596	-0.010591	-0.073638	0.007380	-0.005600	0.014731	0.007383	0.025143	-0.017514	0.002815	0.027659	0.000210	-0.023154	-0.009399	-0.025323	-0.014975	-0.000524	0.002179	-0.026379	
0.006979	0.011005	0.008772	0.003843	-0.014801	-0.004888	-0.004438	-0.010325	-0.043144	0.014010	0.020576	0.001159	0.027050	-0.000984	0.001891	0.014041	-0.025202	0.009259	-0.020740	0.040490	0.011293	0.024268	0.003962	-0.002081	-0.035153	-0.008492	-0.009483	0.017609	0.021456	-0.012311	-0.011355	-0.023053	-0.037222	-0.005757	0.027414	0.023671	-0.005487	-0.000507	-0.043551	0.027502	-0.003507	-0.004486	-0.017129	0.004079	-0.018810	0.033909	-0.005435	-0.000449	-0.033868	-0.023204	
0.004631	0.000881	0.026420	0.023579	0.000181	-0.025031	-0.016200	0.001983	-0.012676	0.025572	-0.013519	-0.040281	0.003196	0.004633	0.005905	-0.015311	0.021204	-0.007055	-0.046065	-0.004317	0.014742	0.007637	0.011474	0.000950	0.006184	-0.039912	0.029188	-0.023057	-0.004647	-0.003120	-0.031382	0.012971	0.012849	0.024874	0.024418	0.002050	0.002723	-0.039971	0.004463	0.000581	-0.011280	-0.039720	-0.000254	0.000868	-0.011241	0.008589	-0.027477	-0.023790	0.003015	-0.003044	
-0.006809	0.014439	0.012908	0.010056	0.025190	-0.010121	0.001298	0.011062	0.020113	0.001876	0.021812	-0.005334	0.017460	-0.017090	0.004473	0.011981	0.001221	0.011628	0.013753	0.002765	0.001892	-0.003416	0.041242	0.014742	0.042037	-0.004098	0.014829	0.011870	-0.003660	0.001472	-0.025218	0.016350	0.033513	0.021671	-0.045727	-0.008831	-0.001791	-0.013294	-0.028505	-0.020326	0.021752	0.006801	-0.016479	0.050296	-0.002511	-0.031707	0.009440	-0.012281	0.021630	0.003643	
0.026946	0.003624	0.004765	0.007018	0.016099	0.027594	0.035639	0.018113	0.033112	-0.006706	-0.000243	0.014864	0.001029	-0.005272	-0.020114	-0.019982	-0.050761	-0.009980	-0.000005	0.020654	0.021458	-0.002532	-0.030164	0.012454	0.040008	-0.007546	-0.030684	0.002386	-0.041417	0.025155	0.020073	0.002500	0.002496	-0.022634	-0.024638	0.023258	-0.004801	0.026516	-0.009329	0.055762	0.007072	-0.006749	-0.021347	-0.014562	0.017569	0.000336	0.007046	0.014212	-0.015196	-0.010062	
0.012665	0.024218	-0.002270	-0.024769	-0.037486	-0.031619	0.010234	0.007685	0.002292	-0.027560	-0.006269	0.032646	-0.023278	0.015733	-0.002379	-0.017035	0.010453	0.019290	0.030074	0.018784	-0.007824	-0.002844	-0.012232	-0.027900	-0.020840	-0.008091	-0.001681	-0.032850	0.019604	-0.003824	-0.022393	0.005811	0.005724	-0.028853	-0.011132	-0.002095	-0.023980	-0.038772	0.000488	0.006033	-0.004537	-0.022785	0.029461	-0.022547	-0.004695	-0.003957	-0.023242	0.012945	-0.022221	0.011851	
-0.018557	0.002514	-0.014483	-0.014025	0.014310	0.014210	0.006340	0.006531	-0.027357	0.023122	0.025277	-0.013084	0.038784	0.004984	-0.010816	0.007628	0.023747	-0.005296	0.000930	0.019763	0.037695	-0.006014	0.026738	-0.026779	-0.010991	0.003646	-0.011485	0.004596	0.009502	0.016489	0.000520	-0.004814	0.018721	-0.015718	0.002902	0.015633	-0.014722	-0.012604	-0.029167	0.009413	-0.036853	-0.033596	0.021632	0.001425	-0.030730	-0.010357	0.010901	0.027516	0.000791	0.021129	
-0.010399	-0.003964	0.014967	-0.012962	0.039080	-0.015271	-0.006489	-0.002022	-0.022666	0.000195	0.005995	0.003100	0.009569	0.010745	0.008213	0.016979	-0.019871	-0.010067	0.020185	-0.008450	0.041692	-0.014198	-0.005593	-0.016095	-0.036201	-0.028759	0.028571	-0.030377	0.019741	-0.017243	-0.030940	0.005909	0.001272	0.025041	0.016764	0.011739	0.000837	0.006783	-0.037160	-0.014230	0.001897	0.002069	0.020838	0.031040	-0.000878	0.009494	0.020092	0.006682	-0.036355	0.007549	
