0.043564	-0.029589	-0.007225	0.033471	-0.029088	-0.003949	-0.007199	-0.002332	-0.007504	-0.021264	0.029818	-0.030597	-0.009128	0.018060	0.004411	-0.023009	0.023828	0.014510	0.004058	0.025625	-0.002211	0.013618	-0.025120	-0.011255	-0.001482	-0.008551	-0.006330	0.032055	0.002226	0.007574	-0.009217	-0.014998	0.030464	-0.028475	-0.014274	0.005600	0.000125	0.027671	-0.018841	-0.020152	-0.024741	0.011350	0.000885	-0.046781	-0.020481	-0.000388	-0.036435	0.017887	0.006818	0.002651	
-0.000057	0.015722	-0.027286	-0.006781	-0.012117	-0.006184	-0.024595	0.006270	-0.001549	-0.007777	-0.023156	-0.032720	-0.014833	-0.000365	0.006461	-0.016029	-0.012812	0.027937	0.027810	0.039567	0.011697	-0.008894	0.002292	0.020148	-0.012963	-0.022118	0.026153	-0.046056	-0.044673	0.034364	0.036569	-0.002503	-0.009181	0.004940	-0.040454	-0.017738	-0.000342	-0.020479	-0.022851	-0.010898	0.011061	-0.012146	-0.003852	0.007666	0.020439	-0.027281	0.008144	0.004828	0.004821	-0.014843	
0.005923	0.009533	0.011309	0.015882	0.014985	-0.023118	0.011919	0.007107	-0.021868	-0.014413	0.016851	0.033894	-0.036014	0.007810	0.011927	0.004907	-0.012548	-0.001424	0.024508	0.003833	-0.018127	-0.045610	0.000426	0.027586	-0.022800	0.008253	-0.012884	0.003139	-0.002170	-0.004552	-0.006199	0.015252	-0.025491	-0.014845	0.017484	-0.009679	0.004699	-0.028188	0.020174	0.003428	0.005872	0.001366	-0.027397	-0.016145	-0.002998	-0.010935	-0.009712	0.001422	-0.001096	-0.013299	
0.001801	-0.027121	0.011428	0.003275	-0.010035	-0.043225	-0.006910	-0.015210	0.011958	0.015064	0.011737	-0.016156	-0.037077	-0.028957	-0.000486	-0.012307	-0.007168	-0.008980	0.026047	-0.006620	-0.013737	0.003532	-0.016407	0.030540	-0.033645	-0.025035	0.013555	-0.036518	-0.036671	-0.009516	-0.016090	0.026249	-0.032362	-0.033365	-0.049949	-0.001034	-0.007754	0.005407	-0.012167	0.027426	-0.046710	-0.015284	-0.009605	-0.033445	-0.016147	-0.008658	0.027553	-0.012853	0.022068	-0.001626	
-0.015407	0.017370	0.018494	0.009046	0.027769	0.004800	-0.014377	0.028076	0.043892	-0.013407	0.011301	0.015861	-0.022181	0.006380	0.005592	-0.024241	0.020731	-0.008053	0.010469	0.009895	0.010925	0.001949	0.012958	-0.002242	-0.030950	0.021798	0.012261	0.035280	0.006111	-0.020925	-0.005102	0.019173	0.010158	-0.022420	0.023954	0.002501	-0.008679	0.021673	-0.004181	0.015241	-0.046317	-0.053235	0.001937	0.012123	-0.000997	-0.014817	-0.001269	-0.020852	0.007753	0.041631	
0.016568	-0.023085	0.015684	0.006911	0.002417	0.022854	-0.019248	-0.028965	0.032605	0.000662	0.009749	-0.045937	-0.011233	0.027412	-0.015501	-0.011673	0.042494	-0.017030	-0.036124	-0.002065	0.044028	0.023160	0.003935	-0.037686	-0.014190	-0.031875	-0.043338	0.032672	0.028142	0.004230	-0.018299	-0.016548	0.014665	-0.024370	0.016709	-0.011903	0.036191	0.018927	-0.028037	0.016953	-0.001266	0.036549	0.018752	0.016885	0.029015	-0.021705	-0.022165	-0.012468	0.042135	-0.037121	
-0.010149	-0.012308	0.001742	-0.000171	-0.007505	-0.040293	0.000546	0.011747	-0.021085	-0.009969	-0.012982	0.009146	0.009483	0.005532	0.013796	0.022220	0.004468	0.015793	-0.001035	-0.002448	0.013238	0.016009	-0.007053	-0.011777	-0.032918	0.014138	-0.002261	-0.010008	0.035770	-0.019537	-0.016979	-0.054961	0.018221	0.004576	0.004080	0.034090	0.000232	-0.026285	0.021369	0.023883	0.019335	0.028850	0.002139	0.006545	-0.022433	-0.009976	-0.005597	-0.019542	-0.002870	0.020318	
0.022342	0.003917	-0.043555	0.006077	-0.013810	0.025986	-0.004937	0.015961	-0.000285	0.018321	-0.046489	-0.005845	0.001546	0.029108	-0.017640	-0.012582	0.031154	0.023718	-0.004026	0.035489	-0.033205	0.015060	0.034464	0.019587	0.022073	0.006745	-0.019893	0.003665	0.008114	-0.002061	-0.009451	0.016082	-0.004072	-0.001808	0.048544	0.002963	0.006648	-0.024152	-0.022719	0.023163	-0.000935	-0.027125	-0.012911	-0.018231	0.015257	0.010533	0.000837	0.028355	-0.004916	0.037713	
-0.021069	-0.037447	0.007816	0.010287	0.006061	-0.003273	0.017794	0.043704	0.029916	-0.003276	-0.003620	0.015453	0.003253	-0.006588	-0.002254	0.028452	-0.019913	0.069031	0.013589	-0.054014	0.009618	-0.018001	0.011825	-0.018005	0.009561	0.022442	0.001160	-0.022794	0.027900	-0.004930	-0.007423	0.017745	-0.025078	-0.004878	-0.015174	0.002206	0.031895	0.028279	-0.020186	0.014469	-0.002978	-0.002527	-0.021423	0.017760	0.038389	-0.002445	-0.013627	0.001063	0.013623	0.044878	
-0.021540	0.001462	0.010871	-0.025107	-0.033511	0.021376	-0.015940	-0.009849	-0.001613	0.043614	-0.022226	0.012309	-0.006794	0.023420	0.019920	-0.011112	-0.026617	0.002755	0.009364	0.011338	-0.001618	0.010521	0.000103	-0.011551	-0.016174	0.030053	-0.001698	-0.000243	-0.007200	-0.017199	-0.024948	-0.032345	0.011137	-0.025174	-0.032547	-0.000699	-0.013740	-0.018218	-0.051562	-0.016006	-0.018282	0.021000	-0.016397	-0.007213	0.001901	0.003611	-0.011185	-0.037953	0.017233	0.025138	
0.037854	0.022713	0.010027	0.005557	-0.027118	0.003249	0.010218	0.055165	-0.010815	-0.029613	-0.006013	-0.017161	0.013325	-0.020061	-0.007817	-0.015379	-0.032238	0.003412	-0.013676	-0.000244	-0.013060	0.005838	0.006163	0.009029	-0.005358	-0.027810	0.008187	0.009742	-0.001453	-0.003810	0.019378	0.017264	-0.009877	-0.000909	0.019584	0.023362	-0.022205	-0.025226	-0.008025	0.024186	0.007968	-0.010696	0.007765	0.023739	0.003156	-0.045474	0.021285	0.016898	-0.020449	0.045260	
0.027155	-0.018790	0.029984	0.032393	-0.011415	-0.010804	-0.025135	-0.002698	-0.008080	-0.040216	-0.008195	-0.030118	-0.021973	-0.021796	0.013620	0.016409	0.020432	0.002617	-0.004207	0.012859	-0.016996	-0.020257	-0.010013	0.008463	-0.005929	0.032113	-0.003209	-0.028384	0.003431	0.005215	0.005390	-0.042748	0.019064	-0.025463	-0.003343	0.014413	0.009221	0.000589	-0.005186	-0.005834	-0.012867	-0.014540	-0.005456	0.032280	-0.012062	-0.018352	0.024310	-0.017270	-0.014044	-0.039993	
0.009411	-0.023167	-0.015706	0.010336	-0.014909	0.022057	0.009908	0.044207	-0.001053	-0.059578	-0.042902	-0.039808	0.011311	-0.011184	-0.002034	-0.008397	-0.008168	0.002227	0.000259	0.027409	0.016075	0.019128	0.020790	-0.030526	0.029135	0.003590	0.001800	0.012547	0.020434	0.021976	-0.044208	0.001455	-0.044879	-0.013051	-0.006543	0.029060	-0.022744	-0.014266	-0.002783	-0.028859	-0.012596	-0.019523	0.010463	-0.042474	0.001223	-0.009733	0.038249	-0.012156	-0.011106	-0.032857	
-0.012464	0.012441	0.010075	-0.008609	-0.002926	-0.024965	0.000348	0.013205	-0.001077	-0.026704	0.016964	-0.018208	-0.000168	-0.015185	-0.003370	-0.013683	-0.005104	-0.007029	-0.002580	-0.024272	0.006818	-0.020111	0.005703	0.016840	0.037529	0.006288	0.045723	0.028722	0.038516	0.011108	-0.011521	0.019105	0.022431	-0.029527	0.015043	0.012598	-0.005987	-0.009596	-0.037902	-0.002480	-0.035254	0.005991	0.019895	0.005215	-0.043883	0.008886	0.012972	-0.001325	0.009512	0.009233	
0.000134	-0.028903	0.010863	0.019996	0.018872	0.028340	0.006451	-0.031161	0.003082	-0.003383	-0.001853	-0.009292	-0.018089	-0.024794	-0.016033	0.033156	0.004593	-0.011164	-0.007657	0.015028	-0.014686	0.027609	-0.003902	0.009995	0.030202	-0.003640	-0.003706	0.010214	-0.016991	0.007661	0.009263	-0.009248	-0.030421	-0.004656	-0.010260	0.020833	0.011784	-0.004888	-0.015146	0.007332	0.015961	-0.015345	-0.041189	0.031747	-0.014449	-0.014284	0.008649	0.004909	0.002636	0.012830	
0.002251	-0.006880	0.015492	0.019210	0.017611	-0.001057	-0.033325	-0.003763	0.002298	0.003298	-0.007949	-0.020943	0.017591	-0.024378	0.020828	0.042897	-0.002449	-0.004940	-0.033380	0.005613	0.055583	0.017121	0.009774	-0.014979	-0.000653	-0.001693	0.016003	-0.002312	0.003598	0.009718	-0.004516	0.012313	-0.005628	-0.008182	-0.014044	-0.012296	-0.025079	0.012943	0.041861	-0.008855	0.013068	-0.002592	-0.006980	-0.012855	0.004539	0.013753	0.006120	-0.001858	-0.011806	-0.005717	
0.016923	0.043886	0.023609	-0.011163	0.016906	-0.010421	-0.006573	0.016420	-0.026286	0.006159	0.001770	-0.005238	-0.025651	-0.012239	0.000485	0.004036	-0.002128	-0.038649	0.025184	-0.065093	0.000063	-0.030172	-0.013977	-0.004776	0.009387	0.016610	0.010701	0.039772	-0.011441	-0.003170	0.011302	-0.034112	0.005497	-0.000393	0.014166	-0.012253	0.016553	-0.024790	-0.027044	0.026164	-0.010627	-0.010673	-0.020390	0.001035	-0.002965	-0.017646	0.010336	-0.003628	-0.012865	-0.027477	
0.004333	-0.012074	0.009048	-0.017924	-0.022780	-0.005117	-0.006391	-0.003656	0.010115	0.019367	0.002863	0.004060	0.027313	0.014086	0.000665	-0.002412	-0.000771	0.019995	0.000646	-0.010343	0.010400	-0.006878	0.005281	0.044304	0.022235	0.008537	-0.008293	0.000949	0.025712	0.005987	0.012770	-0.012138	0.019714	-0.038311	-0.029947	0.003196	-0.012988	-0.020421	-0.001884	-0.008349	-0.010428	0.027538	0.014332	-0.024589	0.001748	0.025198	0.018694	-0.020988	-0.022927	-0.019575	
-0.010060	0.056128	-0.001806	0.026175	0.004361	-0.010257	-0.033042	0.008100	0.011404	0.005201	-0.002966	-0.048506	-0.020211	0.016614	0.006326	-0.000272	-0.014330	-0.010396	0.016767	-0.024193	0.010274	-0.024958	0.019784	0.004355	-0.001432	-0.004078	0.034365	0.010052	0.009841	-0.047369	0.022083	-0.021071	0.008656	0.000717	-0.012563	-0.002644	0.007751	-0.019334	-0.007635	0.010444	0.012579	0.001501	-0.006778	0.008759	-0.049256	-0.010882	0.025274	-0.023346	-0.034543	-0.008193	
0.028144	-0.009632	0.028372	0.012148	-0.014254	-0.008992	-0.013567	0.008869	-0.028355	-0.026642	-0.009285	0.008616	0.018942	-0.005947	0.021865	-0.007429	-0.020659	0.005929	0.024513	-0.003549	0.016739	-0.000734	-0.001735	0.040226	0.000008	0.017761	-0.030386	-0.013978	0.000481	-0.014565	-0.010668	-0.002288	-0.019349	-0.002477	0.044311	-0.026346	0.004952	-0.033322	-0.018636	0.029175	0.009640	0.023047	0.035775	-0.000007	0.021727	0.015410	0.029068	0.021015	-0.023475	-0.024096	
-0.005961	0.046176	0.007024	0.014287	0.011936	0.021748	-0.000580	0.024362	-0.001353	-0.008434	-0.009485	0.012605	0.014023	-0.006518	-0.043998	0.007989	0.020194	-0.009984	0.016371	0.013531	-0.031056	0.025706	0.017306	-0.027541	0.027830	-0.001361	0.021395	0.011831	0.009520	0.042612	0.000998	-0.012913	0.006980	0.008476	-0.023123	-0.007320	0.008107	0.015899	-0.002956	0.003678	0.007506	-0.003389	0.012969	0.001333	-0.026377	-0.028065	0.028384	-0.011434	0.003172	0.016197	
-0.007131	0.042396	0.012214	0.003946	0.028752	0.005610	0.009930	-0.006882	-0.009605	0.008038	0.008592	0.026187	0.000993	0.011102	-0.003253	0.017349	-0.020506	0.002338	-0.027017	-0.020750	-0.027324	-0.021556	-0.036333	0.016795	-0.016787	-0.034282	-0.000737	0.016146	0.010207	-0.006712	0.021951	-0.017860	-0.008044	-0.020763	-0.010827	-0.021256	-0.033643	-0.005411	0.026402	-0.019183	-0.034015	-0.020451	-0.018736	-0.011923	-0.004766	0.052260	-0.017045	0.022732	0.000393	0.018513	
-0.007585	0.011042	-0.015790	-0.004012	0.002461	0.005567	-0.021147	-0.000497	0.052148	0.012144	0.001418	-0.013356	-0.042828	-0.003448	0.003613	-0.005785	0.008628	0.006335	-0.019159	0.046407	0.020235	0.023243	-0.037828	-0.008514	0.021815	0.022589	0.013026	0.021145	0.009167	-0.005292	0.005360	-0.008124	0.005178	0.007850	0.023090	0.007311	-0.029290	0.047932	-0.000147	0.019315	-0.035851	0.006901	0.019074	-0.010075	0.007328	0.020764	-0.012844	-0.009991	0.005360	0.024266	
0.014430	0.012168	-0.003208	0.001098	-0.004181	-0.000193	0.020482	0.007979	0.004584	-0.000794	0.020135	0.024337	-0.004908	-0.007704	-0.000835	0.008455	-0.010826	-0.013780	-0.018649	0.006615	0.029021	-0.023117	-0.014821	0.003532	-0.003764	-0.025008	0.006625	-0.010168	0.019822	-0.020111	0.011315	-0.044687	0.011497	0.013038	-0.008435	0.021563	0.001680	-0.010148	0.001299	-0.003540	-0.024596	0.014880	-0.006907	-0.020768	0.008781	0.003356	0.004389	-0.017962	0.009474	-0.008017	
